1746695019483 0.0 0
1746695033537 0.0 1
1746695048902 0.0 2
1746695064341 0.0 3
1746695078952 0.0 4
1746695094289 0.0 5
1746695109632 0.0 6
1746695125263 0.12143 7
1746695137397 0.20445 8
1746695152559 0.24625 9
1746695167059 0.46225 10
1746695183743 0.59857 11
1746695199138 0.60633 12
1746695217513 0.67088 13
1746695234790 0.58892 14
1746695252941 0.57007 15
1746695270312 0.64128 16
1746695287908 0.74426 17
1746695306174 0.74389 18
1746695323708 0.75594 19
1746695339392 0.76453 20
1746695355272 0.76871 21
1746695369861 0.77893 22
1746695385387 0.78976 23
1746695399798 0.7942 24
1746695415029 0.79734 25
1746695429503 0.79975 26
1746695444944 0.80493 27
1746695459407 0.81531 28
1746695475018 0.82324 29
1746695477736 0.823246062751753 29
