1746695019483 0.0 0
1746695033537 0.0 1
1746695048902 0.0 2
1746695064341 0.0 3
1746695078952 0.0 4
1746695094289 0.0 5
1746695109632 0.0 6
1746695125263 0.25018 7
1746695137397 0.38694 8
1746695152559 0.45999 9
1746695167059 0.72609 10
1746695183743 0.91238 11
1746695199138 0.91315 12
1746695217513 0.94444 13
1746695234790 0.78568 14
1746695252941 0.74932 15
1746695270312 0.82327 16
1746695287908 0.97909 17
1746695306174 0.97808 18
1746695323708 0.9835 19
1746695339392 0.9835 20
1746695355272 0.98476 21
1746695369861 0.99109 22
1746695385387 0.99326 23
1746695399798 0.99326 24
1746695415029 0.99326 25
1746695429503 0.995 26
1746695444944 0.995 27
1746695459407 0.995 28
1746695475018 0.995 29
1746695477736 0.995 29
