1746695019483 0.0 0
1746695033537 0.0 1
1746695048902 0.0 2
1746695064341 0.0 3
1746695078952 0.0 4
1746695094289 0.0 5
1746695109632 0.0 6
1746695125263 0.4 7
1746695137397 0.57143 8
1746695152559 0.5 9
1746695167059 0.6087 10
1746695183743 0.60606 11
1746695199138 0.58824 12
1746695217513 0.57895 13
1746695234790 0.5 14
1746695252941 0.4 15
1746695270312 0.36735 16
1746695287908 0.34375 17
1746695306174 0.34921 18
1746695323708 0.46964 19
1746695339392 1.0 20
1746695355272 1.0 21
1746695369861 1.0 22
1746695385387 1.0 23
1746695399798 1.0 24
1746695415029 1.0 25
1746695429503 1.0 26
1746695444944 1.0 27
1746695459407 1.0 28
1746695475018 1.0 29
1746695477736 1.0 29
