1746695019483 0.0 0
1746695033537 0.0 1
1746695048902 0.0 2
1746695064341 0.0 3
1746695078952 0.0 4
1746695094289 0.0 5
1746695109632 0.0 6
1746695125263 0.09091 7
1746695137397 0.18182 8
1746695152559 0.31818 9
1746695167059 0.63636 10
1746695183743 0.90909 11
1746695199138 0.90909 12
1746695217513 1.0 13
1746695234790 0.77273 14
1746695252941 0.72727 15
1746695270312 0.81818 16
1746695287908 1.0 17
1746695306174 1.0 18
1746695323708 1.0 19
1746695339392 0.75504 20
1746695355272 0.75254 21
1746695369861 0.82989 22
1746695385387 0.86518 23
1746695399798 0.87856 24
1746695415029 0.8869 25
1746695429503 0.8923 26
1746695444944 0.89568 27
1746695459407 0.89808 28
1746695475018 0.89942 29
1746695477736 0.8995229941349764 29
