1746608747589 0.02698 0
1746608748809 0.02724 1
1746608750253 0.02639 2
1746608751688 0.0396 3
1746608753119 0.03913 4
1746608754569 0.03892 5
1746608756023 0.02758 6
1746608756131 0.08238 7
1746608757649 0.08199 8
1746608759116 0.12743 9
1746608760515 0.32534 10
1746608761878 0.45401 11
1746608763231 0.49579 12
1746608764308 0.62622 13
1746608765275 0.68827 14
1746608766482 0.74218 15
1746608767399 0.76957 16
1746608768302 0.79734 17
1746608769146 0.7904 18
1746608769981 0.81405 19
1746608770777 0.83958 20
1746608771520 0.84556 21
1746608772230 0.86535 22
1746608773053 0.85459 23
1746608773722 0.86302 24
1746608774401 0.85474 25
1746608775039 0.88161 26
1746608775708 0.88161 27
1746608776323 0.90836 28
1746608776921 0.88999 29
1746608777523 0.88705 30
1746608778137 0.89988 31
1746608778843 0.89831 32
1746608779445 0.84636 33
1746608780057 0.83415 34
1746608780675 0.87419 35
1746608781258 0.88022 36
1746608781862 0.88466 37
1746608782439 0.88614 38
1746608783027 0.89402 39
1746608784114 0.90416 40
1746608784693 0.90527 41
1746608785287 0.92068 42
1746608785837 0.90553 43
1746608786387 0.90552 44
1746608786953 0.92068 45
1746608787502 0.92069 46
1746608788061 0.92068 47
1746608787098 0.92955 48
1746608787754 0.93883 49
1746608789250 0.9388285714285715 49
