1746608747589 0.0408 0
1746608748809 0.04098 1
1746608750253 0.03917 2
1746608751688 0.05922 3
1746608753119 0.05836 4
1746608754569 0.05747 5
1746608756023 0.04119 6
1746608756131 0.10784 7
1746608757649 0.10718 8
1746608759116 0.17935 9
1746608760515 0.45947 10
1746608761878 0.67783 11
1746608763231 0.70295 12
1746608764308 0.88667 13
1746608765275 0.96167 14
1746608766482 0.9575 15
1746608767399 0.9575 16
1746608768302 0.9575 17
1746608769146 0.96167 18
1746608769981 0.96167 19
1746608770777 0.97192 20
1746608771520 0.97192 21
1746608772230 0.98591 22
1746608773053 0.995 23
1746608773722 0.995 24
1746608774401 0.995 25
1746608775039 0.995 26
1746608775708 0.995 27
1746608776323 0.995 28
1746608776921 0.995 29
1746608777523 0.995 30
1746608778137 0.995 31
1746608778843 0.995 32
1746608779445 0.995 33
1746608780057 0.995 34
1746608780675 0.995 35
1746608781258 0.995 36
1746608781862 0.995 37
1746608782439 0.995 38
1746608783027 0.995 39
1746608784114 0.995 40
1746608784693 0.995 41
1746608785287 0.995 42
1746608785837 0.995 43
1746608786387 0.995 44
1746608786953 0.995 45
1746608787502 0.995 46
1746608788061 0.995 47
1746608787098 0.995 48
1746608787754 0.995 49
1746608789250 0.995 49
