1746608747589 0.01671 0
1746608748809 0.01651 1
1746608750253 0.01576 2
1746608751688 0.11974 3
1746608753119 0.18691 4
1746608754569 0.28594 5
1746608756023 0.08257 6
1746608756131 0.43361 7
1746608757649 0.42394 8
1746608759116 0.82387 9
1746608760515 0.79078 10
1746608761878 0.89424 11
1746608763231 0.94072 12
1746608764308 0.63179 13
1746608765275 0.99212 14
1746608766482 0.97784 15
1746608767399 0.98537 16
1746608768302 0.98956 17
1746608769146 0.99237 18
1746608769981 0.99321 19
1746608770777 0.99306 20
1746608771520 0.99294 21
1746608772230 0.99328 22
1746608773053 1.0 23
1746608773722 1.0 24
1746608774401 1.0 25
1746608775039 1.0 26
1746608775708 1.0 27
1746608776323 0.99907 28
1746608776921 0.99672 29
1746608777523 0.99544 30
1746608778137 0.99485 31
1746608778843 0.99469 32
1746608779445 0.99485 33
1746608780057 0.99462 34
1746608780675 0.99461 35
1746608781258 0.99449 36
1746608781862 0.99432 37
1746608782439 0.99416 38
1746608783027 0.99357 39
1746608784114 0.9935 40
1746608784693 0.99331 41
1746608785287 0.99375 42
1746608785837 0.99394 43
1746608786387 0.99413 44
1746608786953 0.99412 45
1746608787502 0.99428 46
1746608788061 0.99419 47
1746608787098 0.99421 48
1746608787754 0.99423 49
1746608789250 0.9943398521176299 49
