1746608747589 0.7 0
1746608748809 0.7 1
1746608750253 0.7 2
1746608751688 0.1 3
1746608753119 0.1 4
1746608754569 0.1 5
1746608756023 0.1 6
1746608756131 0.1 7
1746608757649 0.1 8
1746608759116 0.1 9
1746608760515 0.4 10
1746608761878 0.5 11
1746608763231 0.5 12
1746608764308 0.8 13
1746608765275 0.9 14
1746608766482 0.9 15
1746608767399 0.9 16
1746608768302 0.9 17
1746608769146 0.9 18
1746608769981 0.9 19
1746608770777 0.9 20
1746608771520 0.9 21
1746608772230 0.9 22
1746608773053 0.99316 23
1746608773722 0.99405 24
1746608774401 0.99438 25
1746608775039 0.99599 26
1746608775708 0.99813 27
1746608776323 1.0 28
1746608776921 1.0 29
1746608777523 1.0 30
1746608778137 1.0 31
1746608778843 1.0 32
1746608779445 1.0 33
1746608780057 1.0 34
1746608780675 1.0 35
1746608781258 1.0 36
1746608781862 1.0 37
1746608782439 1.0 38
1746608783027 1.0 39
1746608784114 1.0 40
1746608784693 1.0 41
1746608785287 1.0 42
1746608785837 1.0 43
1746608786387 1.0 44
1746608786953 1.0 45
1746608787502 1.0 46
1746608788061 1.0 47
1746608787098 1.0 48
1746608787754 1.0 49
1746608789250 1.0 49
