1746695015718 0.0 0
1746695029578 4.835e-06 1
1746695043663 9.34e-06 2
1746695059227 1.3515e-05 3
1746695073884 1.736e-05 4
1746695089470 2.0875000000000003e-05 5
1746695104064 2.4060000000000003e-05 6
1746695120225 2.6914999999999996e-05 7
1746695133125 2.9440000000000003e-05 8
1746695147779 3.1635e-05 9
1746695161968 3.35e-05 10
1746695177652 3.5035e-05 11
1746695193152 3.6240000000000005e-05 12
1746695210039 3.7115e-05 13
1746695227340 3.766000000000001e-05 14
1746695245542 3.7875e-05 15
1746695262912 3.7760000000000004e-05 16
1746695280719 3.7315000000000004e-05 17
1746695298775 3.6540000000000006e-05 18
1746695316947 3.543500000000001e-05 19
1746695333755 3.4e-05 20
1746695350487 3.2235000000000006e-05 21
1746695365293 3.014000000000001e-05 22
1746695380909 2.7714999999999998e-05 23
1746695395374 2.4959999999999995e-05 24
1746695410305 2.1874999999999996e-05 25
1746695425687 1.8459999999999996e-05 26
1746695440236 1.4714999999999997e-05 27
1746695455611 1.064e-05 28
1746695470409 6.235e-06 29
