1746608746345 0.0 0
1746608747683 1.6339934e-05 1
1746608749153 3.2019736e-05 2
1746608750565 4.7039406e-05 3
1746608751997 6.1398944e-05 4
1746608753409 7.509835e-05 5
1746608754851 8.8137624e-05 6
1746608756358 0.00010051676600000001 7
1746608756428 0.00011223577600000001 8
1746608757932 0.00012329465400000002 9
1746608759395 0.00013369340000000002 10
1746608760785 0.000143432014 11
1746608762175 0.000152510496 12
1746608763365 0.00016092884600000002 13
1746608764405 0.000168687064 14
1746608765569 0.00017578515 15
1746608766592 0.000182223104 16
1746608767505 0.00018800092599999998 17
1746608768405 0.00019311861600000005 18
1746608769266 0.000197576174 19
1746608770087 0.00020137359999999999 20
1746608770883 0.00020451089400000004 21
1746608771620 0.000206988056 22
1746608772336 0.00020880508600000004 23
1746608773153 0.00020996198400000002 24
1746608773831 0.00021045875000000002 25
1746608774503 0.000210295384 26
1746608775138 0.000209471886 27
1746608775803 0.00020798825599999997 28
1746608776422 0.00020584449400000003 29
1746608777018 0.00020304060000000002 30
1746608777631 0.000199576574 31
1746608778346 0.00019545241600000003 32
1746608778942 0.00019066812599999997 33
1746608779546 0.00018522370400000002 34
1746608780155 0.00017911915000000004 35
1746608780773 0.000172354464 36
1746608781356 0.000164929646 37
1746608781959 0.000156844696 38
1746608782533 0.000148099614 39
1746608783451 0.00013869439999999997 40
1746608784211 0.00012862905400000006 41
1746608784787 0.00011790357600000003 42
1746608785382 0.00010651796600000001 43
1746608785931 9.4472224e-05 44
1746608786481 8.176634999999999e-05 45
1746608787051 6.840034399999998e-05 46
1746608787613 5.437420600000004e-05 47
1746608786648 3.9687936000000036e-05 48
1746608787301 2.4341534000000017e-05 49
