1746683286940 0.0 0
1746683287956 4.901e-06 1
1746683289046 9.604e-06 2
1746683290188 1.4109e-05 3
1746683291299 1.8416e-05 4
1746683292222 2.2525e-05 5
1746683293355 2.6436e-05 6
1746683294366 3.0149000000000002e-05 7
1746683295354 3.3664e-05 8
1746683296355 3.6981000000000004e-05 9
1746683297351 4.0100000000000006e-05 10
1746683298305 4.302100000000001e-05 11
1746683299269 4.5744e-05 12
1746683300225 4.8269e-05 13
1746683301146 5.0596e-05 14
1746683302187 5.2724999999999994e-05 15
1746683303079 5.465599999999999e-05 16
1746683303951 5.638899999999999e-05 17
1746683304858 5.792400000000001e-05 18
1746683305732 5.9261e-05 19
1746683306630 6.0400000000000004e-05 20
1746683307486 6.134100000000001e-05 21
1746683308371 6.208400000000001e-05 22
1746683309197 6.262900000000001e-05 23
1746683310173 6.2976e-05 24
1746683310994 6.3125e-05 25
1746683311853 6.307599999999999e-05 26
1746683312659 6.2829e-05 27
1746683313494 6.238399999999999e-05 28
1746683314298 6.1741e-05 29
1746683315119 6.090000000000002e-05 30
1746683315889 5.986100000000001e-05 31
1746683316702 5.8624e-05 32
1746683317442 5.718899999999999e-05 33
1746683318340 5.5555999999999995e-05 34
1746683319093 5.3725000000000005e-05 35
1746683319870 5.1696000000000015e-05 36
1746683320625 4.946900000000001e-05 37
1746683321393 4.7044e-05 38
1746683322123 4.4420999999999994e-05 39
1746683323199 4.1599999999999995e-05 40
1746683323934 3.8581000000000016e-05 41
1746683324885 3.536400000000001e-05 42
1746683325593 3.1949e-05 43
1746683326331 2.8336000000000004e-05 44
1746683327022 2.4524999999999993e-05 45
1746683327728 2.051599999999999e-05 46
1746683328400 1.630900000000001e-05 47
1746683329132 1.190400000000001e-05 48
1746683329782 7.301000000000005e-06 49
