1746695015718 1.34873 0
1746695029578 1.30751 1
1746695043663 1.38277 2
1746695059227 1.31046 3
1746695073884 1.38293 4
1746695089470 1.34637 5
1746695104064 1.18126 6
1746695120225 1.10693 7
1746695133125 1.0529 8
1746695147779 1.04096 9
1746695161968 1.0073 10
1746695177652 1.1217 11
1746695193152 0.93164 12
1746695210039 0.9083 13
1746695227340 1.2019 14
1746695245542 0.94909 15
1746695262912 0.88427 16
1746695280719 0.83619 17
1746695298775 0.85078 18
1746695316947 1.07069 19
1746695333755 0.81373 20
1746695350487 0.82451 21
1746695365293 0.72321 22
1746695380909 0.73503 23
1746695395374 0.69455 24
1746695410305 0.67529 25
1746695425687 0.7394 26
1746695440236 0.71103 27
1746695455611 0.67257 28
1746695470409 0.71927 29
