1746695015718 6.07254 0
1746695029578 5.98115 1
1746695043663 6.2066 2
1746695059227 6.79576 3
1746695073884 6.2957 4
1746695089470 5.99602 5
1746695104064 5.92068 6
1746695120225 6.21489 7
1746695133125 5.51613 8
1746695147779 5.55633 9
1746695161968 5.36119 10
1746695177652 5.69997 11
1746695193152 5.2586 12
1746695210039 5.51957 13
1746695227340 5.39005 14
1746695245542 4.918 15
1746695262912 5.19602 16
1746695280719 4.33214 17
1746695298775 4.59843 18
1746695316947 5.04275 19
1746695333755 5.1594 20
1746695350487 4.90403 21
1746695365293 4.43214 22
1746695380909 4.73669 23
1746695395374 4.01413 24
1746695410305 4.57045 25
1746695425687 4.27136 26
1746695440236 3.88604 27
1746695455611 4.07607 28
1746695470409 4.28812 29
