1746695015718 1.66748 0
1746695029578 1.74433 1
1746695043663 1.62012 2
1746695059227 1.62032 3
1746695073884 1.71146 4
1746695089470 1.68273 5
1746695104064 1.6731 6
1746695120225 1.64109 7
1746695133125 1.55409 8
1746695147779 1.41168 9
1746695161968 1.28975 10
1746695177652 1.60575 11
1746695193152 1.36791 12
1746695210039 1.42814 13
1746695227340 1.39577 14
1746695245542 1.33773 15
1746695262912 1.31385 16
1746695280719 1.15366 17
1746695298775 1.48234 18
1746695316947 1.39903 19
1746695333755 1.3341 20
1746695350487 1.22314 21
1746695365293 1.13506 22
1746695380909 1.18207 23
1746695395374 1.05667 24
1746695410305 1.14959 25
1746695425687 1.12336 26
1746695440236 1.09753 27
1746695455611 1.02366 28
1746695470409 1.09987 29
