1746607553835 0.0 0
1746607555115 1.6504967000000002e-05 1
1746607556497 3.2679868e-05 2
1746607557907 4.8524702999999995e-05 3
1746607559347 6.4039472e-05 4
1746607560767 7.922417500000002e-05 5
1746607562246 9.4078812e-05 6
1746607563765 0.000108603383 7
1746607565327 0.000122797888 8
1746607566850 0.000136662327 9
1746607568343 0.0001501967 10
1746607569718 0.000163401007 11
1746607571051 0.000176275248 12
1746607572150 0.00018881942299999997 13
1746607573113 0.00020103353200000003 14
1746607574003 0.00021291757500000003 15
1746607574842 0.00022447155200000003 16
1746607574080 0.000235695463 17
1746607574855 0.00024658930800000004 18
1746607575580 0.000257153087 19
1746607576369 0.00026738680000000005 20
1746607577192 0.000277290447 21
1746607577927 0.000286864028 22
1746607578578 0.000296107543 23
1746607579219 0.000305020992 24
1746607579832 0.000313604375 25
1746607580454 0.00032185769200000005 26
1746607581057 0.00032978094300000003 27
1746607581682 0.000337374128 28
1746607582425 0.000344637247 29
1746607583037 0.0003515703 30
1746607583614 0.000358173287 31
1746607584232 0.000364446208 32
1746607584813 0.00037038906299999996 33
1746607585392 0.00037600185199999995 34
1746607585965 0.000381284575 35
1746607586523 0.0003862372320000001 36
1746607587090 0.00039085982300000004 37
1746607587762 0.000395152348 38
1746607588317 0.00039911480700000003 39
1746607588869 0.00040274719999999997 40
1746607589395 0.0004060495270000001 41
1746607589908 0.0004090217880000001 42
1746607590420 0.000411663983 43
1746607590919 0.000413976112 44
1746607591411 0.0004159581750000001 45
1746607592018 0.0004176101720000001 46
1746607592519 0.00041893210300000014 47
1746607593019 0.00041992396800000003 48
1746607593498 0.000420585767 49
1746607593936 0.00042091750000000004 50
1746607594401 0.00042091916700000005 51
1746607594825 0.000420590768 52
1746607595296 0.000419932303 53
1746607595724 0.000418943772 54
1746607596313 0.00041762517500000003 55
1746607596728 0.00041597651199999994 56
1746607597186 0.00041399778300000006 57
1746607597581 0.00041168898800000007 58
1746607597999 0.00040905012700000003 59
1746607598390 0.00040608120000000004 60
1746607598808 0.000402782207 61
1746607599230 0.000399153148 62
1746607599655 0.00039519402300000004 63
1746607600177 0.00039090483200000006 64
1746607600604 0.000386285575 65
1746607600988 0.00038133625199999994 66
1746607601407 0.0003760568629999999 67
1746607601789 0.00037044740800000004 68
1746607602210 0.00036450788700000006 69
1746607602581 0.0003582383000000001 70
1746607602975 0.00035163864700000005 71
1746607603340 0.000344708928 72
1746607603841 0.00033744914300000005 73
1746607604194 0.000329859292 74
1746607604575 0.000321939375 75
1746607604917 0.000313689392 76
1746607605279 0.000305109343 77
1746607605619 0.000296199228 78
1746607604291 0.000286959047 79
1746607604624 0.00027738879999999994 80
1746607604990 0.000267488487 81
1746607605444 0.0002572581080000001 82
1746607605825 0.00024669766300000005 83
1746607606148 0.00023580715200000006 84
1746607606510 0.00022458657500000007 85
1746607606846 0.00021303593200000003 86
1746607607207 0.00020115522300000004 87
1746607607529 0.000188944448 88
1746607607876 0.00017640360699999996 89
1746607608547 0.00016353269999999997 90
1746607609135 0.00015033172699999996 91
1746607609496 0.00013680068799999995 92
1746607609867 0.00012293958299999992 93
1746607610192 0.00010874841200000008 94
1746607610546 9.422717500000009e-05 95
1746607610881 7.937587200000007e-05 96
1746607611224 6.419450300000005e-05 97
1746607611580 4.8683068000000035e-05 98
1746607611935 3.284156700000002e-05 99
