1746686392520 0.20077 0
1746686394000 0.17302 1
1746686395477 0.17208 2
1746686396930 0.17222 3
1746686398377 0.07548 4
1746686399975 0.06701 5
1746686401501 0.08754 6
1746686403070 0.14472 7
1746686404611 0.16116 8
1746686406149 0.16439 9
1746686408091 0.16521 10
1746686409693 0.16115 11
1746686411185 0.18626 12
1746686412669 0.18769 13
1746686414148 0.20736 14
1746686415670 0.20233 15
1746686417125 0.20604 16
1746686418573 0.20604 17
1746686420042 0.21016 18
1746686421520 0.21016 19
1746686424027 0.21172523141576502 19
