1746686392520 0.28745 0
1746686394000 0.28603 1
1746686395477 0.28451 2
1746686396930 0.28632 3
1746686398377 0.11277 4
1746686399975 0.10056 5
1746686401501 0.12454 6
1746686403070 0.19866 7
1746686404611 0.22672 8
1746686406149 0.23658 9
1746686408091 0.23816 10
1746686409693 0.2439 11
1746686411185 0.26148 12
1746686412669 0.26433 13
1746686414148 0.29216 14
1746686415670 0.28326 15
1746686417125 0.28519 16
1746686418573 0.28519 17
1746686420042 0.27894 18
1746686421520 0.27894 19
1746686424027 0.28163142620232173 19
