1746686392520 0.51765 0
1746686394000 0.51667 1
1746686395477 0.51562 2
1746686396930 0.51832 3
1746686398377 0.14259 4
1746686399975 0.11675 5
1746686401501 0.15834 6
1746686403070 0.22304 7
1746686404611 0.24168 8
1746686406149 0.22211 9
1746686408091 0.22268 10
1746686409693 0.24168 11
1746686411185 0.26423 12
1746686412669 0.24535 13
1746686414148 0.28445 14
1746686415670 0.24896 15
1746686417125 0.23431 16
1746686418573 0.23431 17
1746686420042 0.19923 18
1746686421520 0.19923 19
1746686424027 0.2095959595959596 19
