1746685443075 0.0 0
1746685444642 4.901e-06 1
1746685446147 9.604e-06 2
1746685447606 1.4109e-05 3
1746685449087 1.8416e-05 4
1746685450577 2.2525e-05 5
1746685452117 2.6436e-05 6
1746685453649 3.0149000000000002e-05 7
1746685455155 3.3664e-05 8
1746685456703 3.6981000000000004e-05 9
1746685458266 4.0100000000000006e-05 10
1746685459795 4.302100000000001e-05 11
1746685461264 4.5744e-05 12
1746685462711 4.8269e-05 13
1746685464138 5.0596e-05 14
1746685465609 5.2724999999999994e-05 15
1746685467041 5.465599999999999e-05 16
1746685468450 5.638899999999999e-05 17
1746685469858 5.792400000000001e-05 18
1746685471211 5.9261e-05 19
1746685472612 6.0400000000000004e-05 20
1746685473978 6.134100000000001e-05 21
1746685475361 6.208400000000001e-05 22
1746685476694 6.262900000000001e-05 23
1746685478099 6.2976e-05 24
1746685479429 6.3125e-05 25
1746685480781 6.307599999999999e-05 26
1746685482071 6.2829e-05 27
1746685483403 6.238399999999999e-05 28
1746685484514 6.1741e-05 29
1746685485621 6.090000000000002e-05 30
1746685486687 5.986100000000001e-05 31
1746685487949 5.8624e-05 32
1746685489027 5.718899999999999e-05 33
1746685490113 5.5555999999999995e-05 34
1746685491148 5.3725000000000005e-05 35
1746685492220 5.1696000000000015e-05 36
1746685493248 4.946900000000001e-05 37
1746685494320 4.7044e-05 38
1746685495341 4.4420999999999994e-05 39
1746685496810 4.1599999999999995e-05 40
1746685498014 3.8581000000000016e-05 41
1746685499078 3.536400000000001e-05 42
1746685500102 3.1949e-05 43
1746685501123 2.8336000000000004e-05 44
1746685502106 2.4524999999999993e-05 45
1746685503115 2.051599999999999e-05 46
1746685504090 1.630900000000001e-05 47
1746685505096 1.190400000000001e-05 48
1746685506044 7.301000000000005e-06 49
