1746607555016 0.0408 0
1746607556188 0.04098 1
1746607557598 0.03917 2
1746607559068 0.05922 3
1746607560493 0.05836 4
1746607561948 0.05747 5
1746607563434 0.04119 6
1746607565039 0.10864 7
1746607566566 0.10665 8
1746607568057 0.21465 9
1746607569443 0.45106 10
1746607570775 0.67686 11
1746607572045 0.77297 12
1746607573004 0.87405 13
1746607573901 0.96643 14
1746607574740 0.95056 15
1746607573981 0.95382 16
1746607574752 0.96643 17
1746607575480 0.9575 18
1746607576249 0.95382 19
1746607577088 0.98591 20
1746607577795 0.995 21
1746607578475 0.995 22
1746607579112 0.995 23
1746607579732 0.995 24
1746607580352 0.995 25
1746607580955 0.995 26
1746607581578 0.995 27
1746607582207 0.995 28
1746607582925 0.995 29
1746607583513 0.995 30
1746607584126 0.995 31
1746607584709 0.995 32
1746607585288 0.995 33
1746607585864 0.995 34
1746607586423 0.995 35
1746607586978 0.995 36
1746607587654 0.995 37
1746607588211 0.995 38
1746607588752 0.995 39
1746607589292 0.995 40
1746607589807 0.995 41
1746607590322 0.995 42
1746607590813 0.995 43
1746607591313 0.995 44
1746607591915 0.995 45
1746607592423 0.995 46
1746607592917 0.995 47
1746607593396 0.995 48
1746607593861 0.995 49
1746607594300 0.995 50
1746607594748 0.995 51
1746607595184 0.995 52
1746607595649 0.995 53
1746607596187 0.995 54
1746607596650 0.995 55
1746607597082 0.995 56
1746607597505 0.995 57
1746607597898 0.995 58
1746607598315 0.995 59
1746607598707 0.995 60
1746607599137 0.995 61
1746607599547 0.995 62
1746607600101 0.995 63
1746607600481 0.995 64
1746607600914 0.995 65
1746607601298 0.995 66
1746607601709 0.995 67
1746607602095 0.995 68
1746607602507 0.995 69
1746607602874 0.995 70
1746607603264 0.995 71
1746607603732 0.995 72
1746607604114 0.995 73
1746607604472 0.995 74
1746607604839 0.995 75
1746607605178 0.995 76
1746607605541 0.995 77
1746607604185 0.995 78
1746607604548 0.995 79
1746607604885 0.995 80
1746607605369 0.995 81
1746607605726 0.995 82
1746607606074 0.995 83
1746607606411 0.995 84
1746607606770 0.995 85
1746607607111 0.995 86
1746607607454 0.995 87
1746607607777 0.995 88
1746607608122 0.995 89
1746607609036 0.995 90
1746607609421 0.995 91
1746607609771 0.995 92
1746607610117 0.995 93
1746607610440 0.995 94
1746607610804 0.995 95
1746607611130 0.995 96
1746607611480 0.995 97
1746607611830 0.995 98
1746607612291 0.995 99
1746607613629 0.995 99
