1746607555016 0.02698 0
1746607556188 0.02724 1
1746607557598 0.02639 2
1746607559068 0.0396 3
1746607560493 0.03913 4
1746607561948 0.03892 5
1746607563434 0.02758 6
1746607565039 0.08276 7
1746607566566 0.08228 8
1746607568057 0.14212 9
1746607569443 0.30106 10
1746607570775 0.44374 11
1746607572045 0.53178 12
1746607573004 0.62421 13
1746607573901 0.70947 14
1746607574740 0.72048 15
1746607573981 0.76268 16
1746607574752 0.82104 17
1746607575480 0.77369 18
1746607576249 0.79717 19
1746607577088 0.83886 20
1746607577795 0.87349 21
1746607578475 0.90309 22
1746607579112 0.86466 23
1746607579732 0.83961 24
1746607580352 0.84123 25
1746607580955 0.88008 26
1746607581578 0.87153 27
1746607582207 0.85047 28
1746607582925 0.82762 29
1746607583513 0.80176 30
1746607584126 0.79835 31
1746607584709 0.84772 32
1746607585288 0.81056 33
1746607585864 0.82028 34
1746607586423 0.88732 35
1746607586978 0.88655 36
1746607587654 0.89239 37
1746607588211 0.91514 38
1746607588752 0.92015 39
1746607589292 0.88935 40
1746607589807 0.89355 41
1746607590322 0.89021 42
1746607590813 0.85461 43
1746607591313 0.87787 44
1746607591915 0.86299 45
1746607592423 0.87154 46
1746607592917 0.87268 47
1746607593396 0.86098 48
1746607593861 0.84707 49
1746607594300 0.84707 50
1746607594748 0.86098 51
1746607595184 0.86098 52
1746607595649 0.9002 53
1746607596187 0.9002 54
1746607596650 0.91007 55
1746607597082 0.91007 56
1746607597505 0.90414 57
1746607597898 0.90414 58
1746607598315 0.90456 59
1746607598707 0.90456 60
1746607599137 0.90397 61
1746607599547 0.90397 62
1746607600101 0.89323 63
1746607600481 0.89323 64
1746607600914 0.93124 65
1746607601298 0.93124 66
1746607601709 0.95084 67
1746607602095 0.95084 68
1746607602507 0.95084 69
1746607602874 0.95084 70
1746607603264 0.95084 71
1746607603732 0.95084 72
1746607604114 0.95084 73
1746607604472 0.95084 74
1746607604839 0.9235 75
1746607605178 0.9235 76
1746607605541 0.93084 77
1746607604185 0.93084 78
1746607604548 0.92037 79
1746607604885 0.92037 80
1746607605369 0.92037 81
1746607605726 0.92037 82
1746607606074 0.92036 83
1746607606411 0.92036 84
1746607606770 0.93573 85
1746607607111 0.93573 86
1746607607454 0.94061 87
1746607607777 0.94061 88
1746607608122 0.93388 89
1746607609036 0.93388 90
1746607609421 0.93388 91
1746607609771 0.93388 92
1746607610117 0.93388 93
1746607610440 0.93388 94
1746607610804 0.93388 95
1746607611130 0.93388 96
1746607611480 0.93388 97
1746607611830 0.93388 98
1746607612291 0.93388 99
1746607613629 0.9508417468541822 99
