1746607555016 0.01671 0
1746607556188 0.01651 1
1746607557598 0.01576 2
1746607559068 0.11974 3
1746607560493 0.18691 4
1746607561948 0.28594 5
1746607563434 0.08257 6
1746607565039 0.45087 7
1746607566566 0.44769 8
1746607568057 0.84736 9
1746607569443 0.63861 10
1746607570775 0.92144 11
1746607572045 0.6155 12
1746607573004 0.86233 13
1746607573901 1.0 14
1746607574740 0.97354 15
1746607573981 0.99084 16
1746607574752 0.99105 17
1746607575480 0.99371 18
1746607576249 0.99329 19
1746607577088 0.99362 20
1746607577795 1.0 21
1746607578475 1.0 22
1746607579112 1.0 23
1746607579732 1.0 24
1746607580352 1.0 25
1746607580955 1.0 26
1746607581578 0.99864 27
1746607582207 0.99675 28
1746607582925 0.99538 29
1746607583513 0.99473 30
1746607584126 0.9947 31
1746607584709 0.99457 32
1746607585288 0.99418 33
1746607585864 0.99312 34
1746607586423 0.99181 35
1746607586978 0.99235 36
1746607587654 0.99139 37
1746607588211 0.99286 38
1746607588752 0.99202 39
1746607589292 0.99123 40
1746607589807 0.99494 41
1746607590322 0.98856 42
1746607590813 0.98964 43
1746607591313 0.99066 44
1746607591915 0.9918 45
1746607592423 0.99539 46
1746607592917 0.99271 47
1746607593396 0.99267 48
1746607593861 0.99191 49
1746607594300 0.99191 50
1746607594748 0.99189 51
1746607595184 0.99189 52
1746607595649 0.99208 53
1746607596187 0.99208 54
1746607596650 0.99211 55
1746607597082 0.99211 56
1746607597505 0.99261 57
1746607597898 0.99261 58
1746607598315 0.99313 59
1746607598707 0.99313 60
1746607599137 0.99337 61
1746607599547 0.99337 62
1746607600101 0.99363 63
1746607600481 0.99363 64
1746607600914 0.99374 65
1746607601298 0.99374 66
1746607601709 0.99367 67
1746607602095 0.99367 68
1746607602507 0.99359 69
1746607602874 0.99359 70
1746607603264 0.99367 71
1746607603732 0.99367 72
1746607604114 0.99366 73
1746607604472 0.99366 74
1746607604839 0.99365 75
1746607605178 0.99365 76
1746607605541 0.99398 77
1746607604185 0.99398 78
1746607604548 0.99431 79
1746607604885 0.99431 80
1746607605369 0.99448 81
1746607605726 0.99448 82
1746607606074 0.99444 83
1746607606411 0.99444 84
1746607606770 0.99452 85
1746607607111 0.99452 86
1746607607454 0.99457 87
1746607607777 0.99457 88
1746607608122 0.9946 89
1746607609036 0.9946 90
1746607609421 0.99469 91
1746607609771 0.99469 92
1746607610117 0.99469 93
1746607610440 0.99469 94
1746607610804 0.9947 95
1746607611130 0.9947 96
1746607611480 0.99472 97
1746607611830 0.99472 98
1746607612291 0.99472 99
1746607613629 0.9937716030324885 99
