1746607555016 0.7 0
1746607556188 0.7 1
1746607557598 0.7 2
1746607559068 0.1 3
1746607560493 0.1 4
1746607561948 0.1 5
1746607563434 0.1 6
1746607565039 0.1 7
1746607566566 0.1 8
1746607568057 0.1 9
1746607569443 0.4 10
1746607570775 0.5 11
1746607572045 0.7 12
1746607573004 0.6 13
1746607573901 0.87734 14
1746607574740 0.9 15
1746607573981 0.9 16
1746607574752 0.9 17
1746607575480 0.9 18
1746607576249 0.9 19
1746607577088 0.9 20
1746607577795 0.99404 21
1746607578475 0.99404 22
1746607579112 0.99459 23
1746607579732 0.995 24
1746607580352 0.99546 25
1746607580955 0.99771 26
1746607581578 1.0 27
1746607582207 1.0 28
1746607582925 1.0 29
1746607583513 1.0 30
1746607584126 1.0 31
1746607584709 1.0 32
1746607585288 1.0 33
1746607585864 1.0 34
1746607586423 1.0 35
1746607586978 1.0 36
1746607587654 1.0 37
1746607588211 1.0 38
1746607588752 1.0 39
1746607589292 1.0 40
1746607589807 1.0 41
1746607590322 1.0 42
1746607590813 1.0 43
1746607591313 1.0 44
1746607591915 1.0 45
1746607592423 1.0 46
1746607592917 1.0 47
1746607593396 1.0 48
1746607593861 1.0 49
1746607594300 1.0 50
1746607594748 1.0 51
1746607595184 1.0 52
1746607595649 1.0 53
1746607596187 1.0 54
1746607596650 1.0 55
1746607597082 1.0 56
1746607597505 1.0 57
1746607597898 1.0 58
1746607598315 1.0 59
1746607598707 1.0 60
1746607599137 1.0 61
1746607599547 1.0 62
1746607600101 1.0 63
1746607600481 1.0 64
1746607600914 1.0 65
1746607601298 1.0 66
1746607601709 1.0 67
1746607602095 1.0 68
1746607602507 1.0 69
1746607602874 1.0 70
1746607603264 1.0 71
1746607603732 1.0 72
1746607604114 1.0 73
1746607604472 1.0 74
1746607604839 1.0 75
1746607605178 1.0 76
1746607605541 1.0 77
1746607604185 1.0 78
1746607604548 1.0 79
1746607604885 1.0 80
1746607605369 1.0 81
1746607605726 1.0 82
1746607606074 1.0 83
1746607606411 1.0 84
1746607606770 1.0 85
1746607607111 1.0 86
1746607607454 1.0 87
1746607607777 1.0 88
1746607608122 1.0 89
1746607609036 1.0 90
1746607609421 1.0 91
1746607609771 1.0 92
1746607610117 1.0 93
1746607610440 1.0 94
1746607610804 1.0 95
1746607611130 1.0 96
1746607611480 1.0 97
1746607611830 1.0 98
1746607612291 1.0 99
1746607613629 1.0 99
