1746685794993 0.28745 0
1746685796507 0.28603 1
1746685798031 0.28451 2
1746685799565 0.28632 3
1746685801067 0.11277 4
1746685802655 0.10056 5
1746685804238 0.12454 6
1746685805812 0.19866 7
1746685807375 0.22672 8
1746685808929 0.23658 9
1746685810869 0.23816 10
1746685812502 0.2439 11
1746685814046 0.26148 12
1746685815563 0.26433 13
1746685817055 0.29216 14
1746685818559 0.28326 15
1746685820030 0.28519 16
1746685821509 0.28519 17
1746685823003 0.27894 18
1746685824478 0.27894 19
1746685827157 0.28163142620232173 19
