1746685794993 0.20077 0
1746685796507 0.17302 1
1746685798031 0.17208 2
1746685799565 0.17222 3
1746685801067 0.07548 4
1746685802655 0.06701 5
1746685804238 0.08754 6
1746685805812 0.14472 7
1746685807375 0.16116 8
1746685808929 0.16439 9
1746685810869 0.16521 10
1746685812502 0.16115 11
1746685814046 0.18626 12
1746685815563 0.18769 13
1746685817055 0.20736 14
1746685818559 0.20233 15
1746685820030 0.20604 16
1746685821509 0.20604 17
1746685823003 0.21016 18
1746685824478 0.21016 19
1746685827157 0.21172523141576502 19
