1746685794993 0.51765 0
1746685796507 0.51667 1
1746685798031 0.51562 2
1746685799565 0.51832 3
1746685801067 0.14259 4
1746685802655 0.11675 5
1746685804238 0.15834 6
1746685805812 0.22304 7
1746685807375 0.24168 8
1746685808929 0.22211 9
1746685810869 0.22268 10
1746685812502 0.24168 11
1746685814046 0.26423 12
1746685815563 0.24535 13
1746685817055 0.28445 14
1746685818559 0.24896 15
1746685820030 0.23431 16
1746685821509 0.23431 17
1746685823003 0.19923 18
1746685824478 0.19923 19
1746685827157 0.2095959595959596 19
