1746608746345 1.2171 0
1746608747683 0.99252 1
1746608749153 1.30211 2
1746608750565 1.03886 3
1746608751997 1.41817 4
1746608753409 1.30589 5
1746608754851 1.22735 6
1746608756358 1.61287 7
1746608756428 1.14236 8
1746608757932 1.291 9
1746608759395 1.1754 10
1746608760785 1.05498 11
1746608762175 0.90481 12
1746608763365 0.87071 13
1746608764405 0.82535 14
1746608765569 0.88429 15
1746608766592 0.84016 16
1746608767505 0.92834 17
1746608768405 0.9155 18
1746608769266 0.87284 19
1746608770087 0.97774 20
1746608770883 0.7948 21
1746608771620 0.66974 22
1746608772336 0.72332 23
1746608773153 0.75047 24
1746608773831 0.71685 25
1746608774503 0.66899 26
1746608775138 0.75895 27
1746608775803 0.83498 28
1746608776422 0.6299 29
1746608777018 0.77111 30
1746608777631 0.79759 31
1746608778346 0.85688 32
1746608778942 0.64554 33
1746608779546 0.6511 34
1746608780155 0.85191 35
1746608780773 0.4619 36
1746608781356 0.63697 37
1746608781959 0.60331 38
1746608782533 0.55835 39
1746608783451 0.46021 40
1746608784211 0.49936 41
1746608784787 0.452 42
1746608785382 0.44942 43
1746608785931 0.46508 44
1746608786481 0.37181 45
1746608787051 0.42909 46
1746608787613 0.42278 47
1746608786648 0.41982 48
1746608787301 0.38265 49
