1746608746345 5.7817 0
1746608747683 6.89872 1
1746608749153 5.67645 2
1746608750565 5.70539 3
1746608751997 7.53392 4
1746608753409 6.08973 5
1746608754851 5.83896 6
1746608756358 6.13512 7
1746608756428 6.6415 8
1746608757932 5.97815 9
1746608759395 4.86359 10
1746608760785 4.90027 11
1746608762175 4.2697 12
1746608763365 3.65383 13
1746608764405 5.29616 14
1746608765569 3.64044 15
1746608766592 4.74767 16
1746608767505 3.70368 17
1746608768405 3.34434 18
1746608769266 3.48145 19
1746608770087 3.52699 20
1746608770883 3.376 21
1746608771620 3.32069 22
1746608772336 2.97422 23
1746608773153 3.18874 24
1746608773831 4.83103 25
1746608774503 2.40383 26
1746608775138 2.77588 27
1746608775803 2.98246 28
1746608776422 3.0999 29
1746608777018 2.83212 30
1746608777631 2.80259 31
1746608778346 2.54542 32
1746608778942 2.02014 33
1746608779546 2.74407 34
1746608780155 2.67615 35
1746608780773 1.88261 36
1746608781356 2.23 37
1746608781959 1.93616 38
1746608782533 1.888 39
1746608783451 2.12198 40
1746608784211 2.223 41
1746608784787 2.05921 42
1746608785382 2.15004 43
1746608785931 2.17732 44
1746608786481 1.8892 45
1746608787051 1.8833 46
1746608787613 2.02134 47
1746608786648 2.14164 48
1746608787301 1.86568 49
