1746608746345 1.84371 0
1746608747683 1.48567 1
1746608749153 1.74683 2
1746608750565 1.76006 3
1746608751997 2.37553 4
1746608753409 1.95915 5
1746608754851 1.54465 6
1746608756358 1.87503 7
1746608756428 1.63005 8
1746608757932 1.58255 9
1746608759395 1.46674 10
1746608760785 1.51363 11
1746608762175 1.34447 12
1746608763365 1.34733 13
1746608764405 2.10464 14
1746608765569 1.4568 15
1746608766592 1.20525 16
1746608767505 1.32985 17
1746608768405 1.35855 18
1746608769266 1.35874 19
1746608770087 1.74539 20
1746608770883 1.18806 21
1746608771620 1.20297 22
1746608772336 1.28488 23
1746608773153 1.44008 24
1746608773831 1.09167 25
1746608774503 1.23959 26
1746608775138 1.30849 27
1746608775803 1.35687 28
1746608776422 1.19593 29
1746608777018 1.10568 30
1746608777631 1.3421 31
1746608778346 1.47444 32
1746608778942 1.0865 33
1746608779546 1.10153 34
1746608780155 1.45347 35
1746608780773 0.99175 36
1746608781356 1.21088 37
1746608781959 1.31127 38
1746608782533 1.03226 39
1746608783451 1.32705 40
1746608784211 0.98378 41
1746608784787 0.96662 42
1746608785382 1.05521 43
1746608785931 1.35411 44
1746608786481 0.99484 45
1746608787051 1.3332 46
1746608787613 0.99193 47
1746608786648 1.01548 48
1746608787301 0.96713 49
