1746685443075 1.29551 0
1746685444642 1.34323 1
1746685446147 1.35794 2
1746685447606 1.24828 3
1746685449087 1.57207 4
1746685450577 1.45213 5
1746685452117 1.2175 6
1746685453649 1.26835 7
1746685455155 1.2899 8
1746685456703 1.30877 9
1746685458266 1.31483 10
1746685459795 1.30005 11
1746685461264 1.23506 12
1746685462711 1.17985 13
1746685464138 1.38038 14
1746685465609 1.32073 15
1746685467041 1.0555 16
1746685468450 1.21189 17
1746685469858 1.01824 18
1746685471211 1.0315 19
1746685472612 1.03944 20
1746685473978 1.19022 21
1746685475361 0.85674 22
1746685476694 0.97592 23
1746685478099 1.02796 24
1746685479429 0.9283 25
1746685480781 0.89395 26
1746685482071 0.96993 27
1746685483403 0.75058 28
1746685484514 0.9371 29
1746685485621 0.89654 30
1746685486687 0.76978 31
1746685487949 0.82549 32
1746685489027 1.05722 33
1746685490113 0.74594 34
1746685491148 0.89439 35
1746685492220 0.80926 36
1746685493248 0.79383 37
1746685494320 0.85384 38
1746685495341 0.7797 39
1746685496810 0.70102 40
1746685498014 0.80904 41
1746685499078 0.75283 42
1746685500102 0.69738 43
1746685501123 0.64716 44
1746685502106 0.6848 45
1746685503115 0.6472 46
1746685504090 0.75237 47
1746685505096 0.71702 48
1746685506044 0.6746 49
