1746685443075 6.6599 0
1746685444642 6.98701 1
1746685446147 6.13133 2
1746685447606 6.61 3
1746685449087 7.18653 4
1746685450577 6.42239 5
1746685452117 6.4587 6
1746685453649 6.49353 7
1746685455155 6.65087 8
1746685456703 6.73797 9
1746685458266 6.22548 10
1746685459795 6.96771 11
1746685461264 6.22893 12
1746685462711 6.19009 13
1746685464138 6.23801 14
1746685465609 6.50455 15
1746685467041 6.15689 16
1746685468450 6.39567 17
1746685469858 5.73143 18
1746685471211 6.56025 19
1746685472612 6.05939 20
1746685473978 6.09197 21
1746685475361 5.88019 22
1746685476694 5.57534 23
1746685478099 6.37926 24
1746685479429 5.76878 25
1746685480781 6.04314 26
1746685482071 5.71688 27
1746685483403 5.83029 28
1746685484514 5.97969 29
1746685485621 5.07168 30
1746685486687 5.64455 31
1746685487949 5.60169 32
1746685489027 5.30118 33
1746685490113 5.60703 34
1746685491148 5.678 35
1746685492220 5.28698 36
1746685493248 6.12784 37
1746685494320 5.17813 38
1746685495341 5.45171 39
1746685496810 5.88011 40
1746685498014 6.34172 41
1746685499078 6.1529 42
1746685500102 5.46025 43
1746685501123 5.2561 44
1746685502106 5.7635 45
1746685503115 5.37603 46
1746685504090 6.18055 47
1746685505096 5.48477 48
1746685506044 5.90826 49
