1746685443075 1.55576 0
1746685444642 1.63676 1
1746685446147 1.53354 2
1746685447606 1.42615 3
1746685449087 1.57781 4
1746685450577 1.59207 5
1746685452117 1.29767 6
1746685453649 1.67029 7
1746685455155 1.40384 8
1746685456703 1.73435 9
1746685458266 1.67171 10
1746685459795 1.34895 11
1746685461264 1.38159 12
1746685462711 1.21774 13
1746685464138 1.42487 14
1746685465609 1.39981 15
1746685467041 1.26738 16
1746685468450 1.58458 17
1746685469858 1.1782 18
1746685471211 1.20055 19
1746685472612 1.34508 20
1746685473978 1.28793 21
1746685475361 1.19496 22
1746685476694 1.14487 23
1746685478099 1.27603 24
1746685479429 1.24555 25
1746685480781 1.29096 26
1746685482071 1.28343 27
1746685483403 1.07352 28
1746685484514 1.2743 29
1746685485621 1.309 30
1746685486687 1.14825 31
1746685487949 1.20893 32
1746685489027 1.15687 33
1746685490113 1.04474 34
1746685491148 1.29522 35
1746685492220 1.13852 36
1746685493248 1.19862 37
1746685494320 1.22338 38
1746685495341 1.19198 39
1746685496810 1.26735 40
1746685498014 1.24251 41
1746685499078 1.19649 42
1746685500102 1.1266 43
1746685501123 1.15322 44
1746685502106 1.3057 45
1746685503115 1.13169 46
1746685504090 1.20804 47
1746685505096 1.20584 48
1746685506044 1.05278 49
