1746686391281 0.0 0
1746686392843 4.752500000000001e-06 1
1746686394312 9.01e-06 2
1746686395768 1.27725e-05 3
1746686397213 1.6040000000000002e-05 4
1746686398734 1.8812499999999996e-05 5
1746686400262 2.109e-05 6
1746686401809 2.28725e-05 7
1746686403370 2.4160000000000002e-05 8
1746686404901 2.49525e-05 9
1746686406811 2.525e-05 10
1746686408448 2.5052499999999998e-05 11
1746686409981 2.4360000000000004e-05 12
1746686411475 2.31725e-05 13
1746686412969 2.1490000000000003e-05 14
1746686414451 1.9312500000000002e-05 15
1746686415956 1.6639999999999997e-05 16
1746686417384 1.3472500000000002e-05 17
1746686418856 9.809999999999998e-06 18
1746686420318 5.652500000000006e-06 19
