1746683286940 1.20295 0
1746683287956 1.07215 1
1746683289046 1.31687 2
1746683290188 1.04149 3
1746683291299 1.30853 4
1746683292222 1.35225 5
1746683293355 1.25002 6
1746683294366 1.56884 7
1746683295354 1.20571 8
1746683296355 1.28115 9
1746683297351 1.26814 10
1746683298305 1.11744 11
1746683299269 0.91857 12
1746683300225 1.02245 13
1746683301146 0.97151 14
1746683302187 0.91531 15
1746683303079 1.05296 16
1746683303951 1.00968 17
1746683304858 1.0951 18
1746683305732 1.07639 19
1746683306630 1.19118 20
1746683307486 0.81388 21
1746683308371 0.89646 22
1746683309197 0.97464 23
1746683310173 0.7983 24
1746683310994 0.7437 25
1746683311853 0.75358 26
1746683312659 0.80278 27
1746683313494 0.92829 28
1746683314298 0.80476 29
1746683315119 0.85509 30
1746683315889 1.00307 31
1746683316702 0.99492 32
1746683317442 0.5887 33
1746683318340 0.58816 34
1746683319093 1.01275 35
1746683319870 0.60074 36
1746683320625 0.68118 37
1746683321393 0.77024 38
1746683322123 0.81684 39
1746683323199 0.53802 40
1746683323934 0.62332 41
1746683324885 0.78905 42
1746683325593 0.61137 43
1746683326331 0.60275 44
1746683327022 0.54301 45
1746683327728 0.5481 46
1746683328400 0.61975 47
1746683329132 0.5701 48
1746683329782 0.59886 49
