1746683286940 6.84864 0
1746683287956 7.44611 1
1746683289046 7.03577 2
1746683290188 6.68332 3
1746683291299 7.87976 4
1746683292222 6.68753 5
1746683293355 7.17305 6
1746683294366 7.08285 7
1746683295354 7.67864 8
1746683296355 6.99104 9
1746683297351 6.45238 10
1746683298305 6.77498 11
1746683299269 6.57664 12
1746683300225 5.83473 13
1746683301146 7.38347 14
1746683302187 5.98135 15
1746683303079 6.97453 16
1746683303951 6.10178 17
1746683304858 6.04734 18
1746683305732 6.11496 19
1746683306630 6.28377 20
1746683307486 6.27804 21
1746683308371 6.59505 22
1746683309197 5.8761 23
1746683310173 6.13781 24
1746683310994 7.54187 25
1746683311853 4.9561 26
1746683312659 5.59446 27
1746683313494 5.97724 28
1746683314298 6.05105 29
1746683315119 5.99356 30
1746683315889 5.64918 31
1746683316702 5.97161 32
1746683317442 5.13056 33
1746683318340 6.84766 34
1746683319093 6.53892 35
1746683319870 5.46969 36
1746683320625 5.32835 37
1746683321393 5.11079 38
1746683322123 5.44303 39
1746683323199 6.36712 40
1746683323934 6.15038 41
1746683324885 7.18632 42
1746683325593 5.73794 43
1746683326331 5.94221 44
1746683327022 5.98196 45
1746683327728 6.12018 46
1746683328400 5.84547 47
1746683329132 6.42481 48
1746683329782 5.62433 49
