1746683286940 1.65442 0
1746683287956 1.4314 1
1746683289046 1.60856 2
1746683290188 1.65783 3
1746683291299 2.12284 4
1746683292222 1.83903 5
1746683293355 1.43359 6
1746683294366 1.75931 7
1746683295354 1.63275 8
1746683296355 1.53096 9
1746683297351 1.48162 10
1746683298305 1.48086 11
1746683299269 1.27193 12
1746683300225 1.36852 13
1746683301146 1.94327 14
1746683302187 1.28301 15
1746683303079 1.21222 16
1746683303951 1.25955 17
1746683304858 1.56828 18
1746683305732 1.44277 19
1746683306630 1.71588 20
1746683307486 1.24603 21
1746683308371 1.2666 22
1746683309197 1.54306 23
1746683310173 1.26842 24
1746683310994 1.06636 25
1746683311853 1.12773 26
1746683312659 1.23815 27
1746683313494 1.23311 28
1746683314298 1.34382 29
1746683315119 1.13623 30
1746683315889 1.71425 31
1746683316702 1.85358 32
1746683317442 1.12172 33
1746683318340 1.51915 34
1746683319093 1.40315 35
1746683319870 1.14539 36
1746683320625 1.40679 37
1746683321393 1.56495 38
1746683322123 1.10715 39
1746683323199 1.98592 40
1746683323934 1.11164 41
1746683324885 1.20662 42
1746683325593 1.05906 43
1746683326331 1.08608 44
1746683327022 1.05551 45
1746683327728 1.05217 46
1746683328400 1.10513 47
1746683329132 1.03856 48
1746683329782 1.02006 49
