1746685793721 0.0 0
1746685795338 4.752500000000001e-06 1
1746685796838 9.01e-06 2
1746685798354 1.27725e-05 3
1746685799871 1.6040000000000002e-05 4
1746685801400 1.8812499999999996e-05 5
1746685802969 2.109e-05 6
1746685804547 2.28725e-05 7
1746685806107 2.4160000000000002e-05 8
1746685807676 2.49525e-05 9
1746685809598 2.525e-05 10
1746685811243 2.5052499999999998e-05 11
1746685812820 2.4360000000000004e-05 12
1746685814336 2.31725e-05 13
1746685815856 2.1490000000000003e-05 14
1746685817356 1.9312500000000002e-05 15
1746685818851 1.6639999999999997e-05 16
1746685820310 1.3472500000000002e-05 17
1746685821796 9.809999999999998e-06 18
1746685823276 5.652500000000006e-06 19
