1746607553835 1.2171 0
1746607555115 0.99252 1
1746607556497 1.30211 2
1746607557907 1.03886 3
1746607559347 1.41817 4
1746607560767 1.30589 5
1746607562246 1.22735 6
1746607563765 1.61287 7
1746607565327 1.11164 8
1746607566850 1.29034 9
1746607568343 1.14938 10
1746607569718 1.07688 11
1746607571051 0.88494 12
1746607572150 0.87065 13
1746607573113 0.84041 14
1746607574003 0.87572 15
1746607574842 0.83913 16
1746607574080 0.94972 17
1746607574855 0.95732 18
1746607575580 0.90737 19
1746607576369 1.05996 20
1746607577192 0.79325 21
1746607577927 0.68898 22
1746607578578 0.71203 23
1746607579219 0.74526 24
1746607579832 0.76257 25
1746607580454 0.63528 26
1746607581057 0.74822 27
1746607581682 0.92756 28
1746607582425 0.72737 29
1746607583037 0.73655 30
1746607583614 0.74437 31
1746607584232 0.75684 32
1746607584813 0.53905 33
1746607585392 0.63977 34
1746607585965 0.8335 35
1746607586523 0.5151 36
1746607587090 0.70226 37
1746607587762 0.77582 38
1746607588317 0.57158 39
1746607588869 1.05883 40
1746607589395 0.53063 41
1746607589908 0.62279 42
1746607590420 0.74589 43
1746607590919 0.64731 44
1746607591411 0.54095 45
1746607592018 0.73958 46
1746607592519 0.66663 47
1746607593019 0.69325 48
1746607593498 0.70465 49
1746607593936 0.67024 50
1746607594401 0.8214 51
1746607594825 0.57312 52
1746607595296 0.76474 53
1746607595724 0.7437 54
1746607596313 0.67013 55
1746607596728 0.6182 56
1746607597186 0.5717 57
1746607597581 0.58621 58
1746607597999 0.59998 59
1746607598390 0.47799 60
1746607598808 0.48744 61
1746607599230 0.49864 62
1746607599655 0.56574 63
1746607600177 0.52454 64
1746607600604 0.73677 65
1746607600988 0.87223 66
1746607601407 0.39578 67
1746607601789 0.58919 68
1746607602210 0.54994 69
1746607602581 0.41336 70
1746607602975 0.63073 71
1746607603340 0.6049 72
1746607603841 0.72325 73
1746607604194 0.57508 74
1746607604575 0.48913 75
1746607604917 0.58061 76
1746607605279 0.44365 77
1746607605619 0.50997 78
1746607604291 0.54713 79
1746607604624 0.43597 80
1746607604990 0.55445 81
1746607605444 0.59772 82
1746607605825 0.45557 83
1746607606148 0.52757 84
1746607606510 0.50095 85
1746607606846 0.62175 86
1746607607207 0.42021 87
1746607607529 0.58184 88
1746607607876 0.54922 89
1746607608547 0.41603 90
1746607609135 0.38863 91
1746607609496 0.36646 92
1746607609867 0.42041 93
1746607610192 0.43144 94
1746607610546 0.38488 95
1746607610881 0.39528 96
1746607611224 0.32012 97
1746607611580 0.36063 98
1746607611935 0.4288 99
