1746607553835 5.7817 0
1746607555115 6.89872 1
1746607556497 5.67645 2
1746607557907 5.70539 3
1746607559347 7.53392 4
1746607560767 6.08973 5
1746607562246 5.83896 6
1746607563765 6.13512 7
1746607565327 6.62399 8
1746607566850 5.91432 9
1746607568343 4.82128 10
1746607569718 4.71566 11
1746607571051 4.31216 12
1746607572150 3.54114 13
1746607573113 5.0395 14
1746607574003 3.57332 15
1746607574842 4.58091 16
1746607574080 3.52769 17
1746607574855 3.25589 18
1746607575580 3.34591 19
1746607576369 3.64892 20
1746607577192 3.25196 21
1746607577927 3.24382 22
1746607578578 2.81525 23
1746607579219 2.98177 24
1746607579832 4.29764 25
1746607580454 2.15328 26
1746607581057 2.30065 27
1746607581682 2.45337 28
1746607582425 2.36212 29
1746607583037 2.30497 30
1746607583614 2.12796 31
1746607584232 2.01698 32
1746607584813 1.54199 33
1746607585392 2.10681 34
1746607585965 2.10253 35
1746607586523 1.60482 36
1746607587090 1.66499 37
1746607587762 1.70457 38
1746607588317 1.50027 39
1746607588869 1.9085 40
1746607589395 1.21432 41
1746607589908 2.02335 42
1746607590420 1.55828 43
1746607590919 1.42382 44
1746607591411 1.69307 45
1746607592018 1.35112 46
1746607592519 1.37653 47
1746607593019 1.20464 48
1746607593498 1.14826 49
1746607593936 1.3643 50
1746607594401 1.27374 51
1746607594825 1.3733 52
1746607595296 1.72553 53
1746607595724 1.28221 54
1746607596313 1.2369 55
1746607596728 0.90376 56
1746607597186 1.02011 57
1746607597581 1.0997 58
1746607597999 1.058 59
1746607598390 1.20389 60
1746607598808 1.00694 61
1746607599230 1.11858 62
1746607599655 1.18914 63
1746607600177 0.99569 64
1746607600604 1.22113 65
1746607600988 1.45132 66
1746607601407 0.87873 67
1746607601789 0.91201 68
1746607602210 1.0902 69
1746607602581 0.79071 70
1746607602975 1.15054 71
1746607603340 0.93377 72
1746607603841 1.4252 73
1746607604194 1.20796 74
1746607604575 0.76816 75
1746607604917 0.81225 76
1746607605279 1.15295 77
1746607605619 0.91689 78
1746607604291 1.04811 79
1746607604624 0.76438 80
1746607604990 0.95409 81
1746607605444 0.96336 82
1746607605825 0.85801 83
1746607606148 0.84488 84
1746607606510 0.75303 85
1746607606846 0.77711 86
1746607607207 0.79826 87
1746607607529 0.79977 88
1746607607876 0.93715 89
1746607608547 0.85503 90
1746607609135 0.9469 91
1746607609496 0.83434 92
1746607609867 0.84996 93
1746607610192 1.00104 94
1746607610546 0.81239 95
1746607610881 0.84281 96
1746607611224 0.77152 97
1746607611580 0.8424 98
1746607611935 0.84313 99
