1746607553835 1.84371 0
1746607555115 1.48567 1
1746607556497 1.74683 2
1746607557907 1.76006 3
1746607559347 2.37553 4
1746607560767 1.95915 5
1746607562246 1.54465 6
1746607563765 1.87503 7
1746607565327 1.59613 8
1746607566850 1.55172 9
1746607568343 1.46486 10
1746607569718 1.5187 11
1746607571051 1.34362 12
1746607572150 1.36348 13
1746607573113 2.12172 14
1746607574003 1.48774 15
1746607574842 1.21218 16
1746607574080 1.32435 17
1746607574855 1.36344 18
1746607575580 1.36522 19
1746607576369 1.67555 20
1746607577192 1.21059 21
1746607577927 1.20385 22
1746607578578 1.33502 23
1746607579219 1.56741 24
1746607579832 1.11395 25
1746607580454 1.22258 26
1746607581057 1.22188 27
1746607581682 1.31998 28
1746607582425 1.20471 29
1746607583037 1.07631 30
1746607583614 1.24453 31
1746607584232 1.37345 32
1746607584813 1.11361 33
1746607585392 1.36423 34
1746607585965 1.40424 35
1746607586523 1.1621 36
1746607587090 1.52565 37
1746607587762 1.49021 38
1746607588317 1.07022 39
1746607588869 2.43018 40
1746607589395 1.10023 41
1746607589908 1.24819 42
1746607590420 1.58039 43
1746607590919 1.2965 44
1746607591411 1.25215 45
1746607592018 1.26071 46
1746607592519 1.11835 47
1746607593019 1.48723 48
1746607593498 1.72666 49
1746607593936 1.4575 50
1746607594401 1.47042 51
1746607594825 1.22393 52
1746607595296 1.77549 53
1746607595724 1.4939 54
1746607596313 1.57203 55
1746607596728 1.46653 56
1746607597186 1.56955 57
1746607597581 1.07205 58
1746607597999 1.08494 59
1746607598390 1.35266 60
1746607598808 1.03729 61
1746607599230 1.18933 62
1746607599655 1.30256 63
1746607600177 1.18597 64
1746607600604 1.41169 65
1746607600988 1.78493 66
1746607601407 1.03963 67
1746607601789 1.19359 68
1746607602210 1.22319 69
1746607602581 0.95333 70
1746607602975 1.50457 71
1746607603340 1.30368 72
1746607603841 1.23192 73
1746607604194 1.4289 74
1746607604575 1.13848 75
1746607604917 1.19013 76
1746607605279 1.13444 77
1746607605619 1.13629 78
1746607604291 1.65522 79
1746607604624 0.99182 80
1746607604990 1.4851 81
1746607605444 1.66753 82
1746607605825 1.25837 83
1746607606148 1.49661 84
1746607606510 1.11054 85
1746607606846 1.31177 86
1746607607207 1.13153 87
1746607607529 1.23098 88
1746607607876 1.17917 89
1746607608547 1.14036 90
1746607609135 1.18729 91
1746607609496 1.26233 92
1746607609867 1.43785 93
1746607610192 1.07668 94
1746607610546 1.11185 95
1746607610881 1.06801 96
1746607611224 0.97817 97
1746607611580 1.54696 98
1746607611935 1.29365 99
