1746683287859 0.385 0
1746683288758 0.33 1
1746683289900 0.33 2
1746683291035 0.14137 3
1746683292120 0.16792 4
1746683293049 0.12545 5
1746683294267 0.10437 6
1746683295257 0.08 7
1746683296263 0.09113 8
1746683297245 0.09113 9
1746683298200 0.15229 10
1746683299173 0.2572 11
1746683300129 0.25132 12
1746683301047 0.29292 13
1746683302085 0.32288 14
1746683302988 0.34637 15
1746683303879 0.44282 16
1746683304760 0.44282 17
1746683305650 0.51028 18
1746683306534 0.51028 19
1746683307414 0.58676 20
1746683308271 0.58676 21
1746683309128 0.6416 22
1746683310075 0.6416 23
1746683310923 0.64642 24
1746683311747 0.64642 25
1746683312573 0.6929 26
1746683313397 0.6929 27
1746683314210 0.69554 28
1746683315023 0.69554 29
1746683315818 0.77369 30
1746683316597 0.77369 31
1746683317369 0.77006 32
1746683318218 0.77006 33
1746683319011 0.77571 34
1746683319764 0.77571 35
1746683320534 0.80298 36
1746683321275 0.80298 37
1746683322049 0.82046 38
1746683322777 0.82046 39
1746683323858 0.84549 40
1746683324786 0.84549 41
1746683325512 0.83815 42
1746683326228 0.83815 43
1746683326946 0.85178 44
1746683327633 0.85178 45
1746683328329 0.85637 46
1746683329020 0.85637 47
1746683329711 0.84529 48
1746683330374 0.84529 49
1746683332299 0.8564190476190475 49
