1746683287859 0.55 0
1746683288758 0.55 1
1746683289900 0.55 2
1746683291035 0.20875 3
1746683292120 0.24667 4
1746683293049 0.186 5
1746683294267 0.20875 6
1746683295257 0.16 7
1746683296263 0.15188 8
1746683297245 0.15188 9
1746683298200 0.22958 10
1746683299173 0.3215 11
1746683300129 0.32817 12
1746683301047 0.38885 13
1746683302085 0.39599 14
1746683302988 0.43833 15
1746683303879 0.56571 16
1746683304760 0.56571 17
1746683305650 0.66938 18
1746683306534 0.66938 19
1746683307414 0.75615 20
1746683308271 0.75615 21
1746683309128 0.81337 22
1746683310075 0.81337 23
1746683310923 0.80204 24
1746683311747 0.80204 25
1746683312573 0.86 26
1746683313397 0.86 27
1746683314210 0.85936 28
1746683315023 0.85936 29
1746683315818 0.95192 30
1746683316597 0.95192 31
1746683317369 0.96833 32
1746683318218 0.96833 33
1746683319011 0.94825 34
1746683319764 0.94825 35
1746683320534 0.95643 36
1746683321275 0.95643 37
1746683322049 0.97682 38
1746683322777 0.97682 39
1746683323858 0.98591 40
1746683324786 0.98591 41
1746683325512 0.98591 42
1746683326228 0.98591 43
1746683326946 0.98591 44
1746683327633 0.98591 45
1746683328329 0.98591 46
1746683329020 0.98591 47
1746683329711 0.98591 48
1746683330374 0.98591 49
1746683332299 0.985909090909091 49
