1746683287859 1.0 0
1746683288758 1.0 1
1746683289900 1.0 2
1746683291035 0.25 3
1746683292120 0.33333 4
1746683293049 0.2 5
1746683294267 0.25 6
1746683295257 0.14286 7
1746683296263 0.125 8
1746683297245 0.125 9
1746683298200 0.25 10
1746683299173 0.3 11
1746683300129 0.3 12
1746683301047 0.30769 13
1746683302085 0.30769 14
1746683302988 0.33333 15
1746683303879 0.41176 16
1746683304760 0.41176 17
1746683305650 0.40909 18
1746683306534 0.40909 19
1746683307414 0.37037 20
1746683308271 0.37037 21
1746683309128 0.34483 22
1746683310075 0.34483 23
1746683310923 0.32258 24
1746683311747 0.32258 25
1746683312573 0.29412 26
1746683313397 0.29412 27
1746683314210 0.27778 28
1746683315023 0.27778 29
1746683315818 0.25641 30
1746683316597 0.25641 31
1746683317369 0.88915 32
1746683318218 0.88915 33
1746683319011 1.0 34
1746683319764 1.0 35
1746683320534 1.0 36
1746683321275 1.0 37
1746683322049 1.0 38
1746683322777 1.0 39
1746683323858 1.0 40
1746683324786 1.0 41
1746683325512 1.0 42
1746683326228 1.0 43
1746683326946 1.0 44
1746683327633 1.0 45
1746683328329 1.0 46
1746683329020 1.0 47
1746683329711 1.0 48
1746683330374 1.0 49
1746683332299 1.0 49
