1746683287859 0.1 0
1746683288758 0.1 1
1746683289900 0.1 2
1746683291035 0.1 3
1746683292120 0.1 4
1746683293049 0.1 5
1746683294267 0.1 6
1746683295257 0.1 7
1746683296263 0.1 8
1746683297245 0.1 9
1746683298200 0.2 10
1746683299173 0.3 11
1746683300129 0.3 12
1746683301047 0.4 13
1746683302085 0.4 14
1746683302988 0.4 15
1746683303879 0.7 16
1746683304760 0.7 17
1746683305650 0.9 18
1746683306534 0.9 19
1746683307414 1.0 20
1746683308271 1.0 21
1746683309128 1.0 22
1746683310075 1.0 23
1746683310923 1.0 24
1746683311747 1.0 25
1746683312573 1.0 26
1746683313397 1.0 27
1746683314210 1.0 28
1746683315023 1.0 29
1746683315818 1.0 30
1746683316597 1.0 31
1746683317369 0.80239 32
1746683318218 0.80239 33
1746683319011 0.4725 34
1746683319764 0.4725 35
1746683320534 0.41556 36
1746683321275 0.41556 37
1746683322049 0.38156 38
1746683322777 0.38156 39
1746683323858 0.39255 40
1746683324786 0.39255 41
1746683325512 0.40353 42
1746683326228 0.40353 43
1746683326946 0.44138 44
1746683327633 0.44138 45
1746683328329 0.47178 46
1746683329020 0.47178 47
1746683329711 0.49553 48
1746683330374 0.49553 49
1746683332299 0.47268191886665784 49
