1746694842352 0.0 0
1746694843191 4.752500000000001e-06 1
1746694843948 9.01e-06 2
1746694844859 1.27725e-05 3
1746694845577 1.6040000000000002e-05 4
1746694846310 1.8812499999999996e-05 5
1746694847052 2.109e-05 6
1746694847771 2.28725e-05 7
1746694848518 2.4160000000000002e-05 8
1746694849318 2.49525e-05 9
1746694850603 2.525e-05 10
1746694851462 2.5052499999999998e-05 11
1746694852310 2.4360000000000004e-05 12
1746694853142 2.31725e-05 13
1746694854194 2.1490000000000003e-05 14
1746694855005 1.9312500000000002e-05 15
1746694855823 1.6639999999999997e-05 16
1746694856637 1.3472500000000002e-05 17
1746694857458 9.809999999999998e-06 18
1746694858292 5.652500000000006e-06 19
