1746694842352 10.38965 0
1746694843191 9.39713 1
1746694843948 10.69945 2
1746694844859 13.49739 3
1746694845577 10.87231 4
1746694846310 9.68777 5
1746694847052 9.9495 6
1746694847771 12.02561 7
1746694848518 10.25848 8
1746694849318 9.32483 9
1746694850603 10.86378 10
1746694851462 11.87525 11
1746694852310 11.69921 12
1746694853142 10.18284 13
1746694854194 10.50021 14
1746694855005 8.72041 15
1746694855823 10.05648 16
1746694856637 8.65338 17
1746694857458 9.2833 18
1746694858292 9.47447 19
