1746685444337 0.20077 0
1746685445836 0.17302 1
1746685447315 0.17208 2
1746685448788 0.17222 3
1746685450257 0.07548 4
1746685451814 0.06706 5
1746685453360 0.14418 6
1746685454871 0.1477 7
1746685456401 0.17384 8
1746685457962 0.16065 9
1746685459499 0.18239 10
1746685460975 0.18564 11
1746685462429 0.21284 12
1746685463864 0.22349 13
1746685465318 0.23312 14
1746685466758 0.26185 15
1746685468173 0.28568 16
1746685469569 0.28568 17
1746685470950 0.32701 18
1746685472311 0.32701 19
1746685473717 0.33598 20
1746685475071 0.33598 21
1746685476427 0.34111 22
1746685477784 0.34111 23
1746685479151 0.36913 24
1746685480488 0.36913 25
1746685481796 0.38802 26
1746685483105 0.38802 27
1746685484411 0.40259 28
1746685485498 0.40259 29
1746685486576 0.41226 30
1746685487653 0.41226 31
1746685488927 0.43423 32
1746685489994 0.43423 33
1746685491044 0.44569 34
1746685492091 0.44569 35
1746685493149 0.45351 36
1746685494203 0.45351 37
1746685495245 0.46047 38
1746685496288 0.46047 39
1746685497919 0.45579 40
1746685498941 0.45579 41
1746685499999 0.46186 42
1746685501009 0.46186 43
1746685502012 0.46215 44
1746685502998 0.46215 45
1746685503979 0.45697 46
1746685504977 0.45697 47
1746685505951 0.45014 48
1746685507015 0.45014 49
1746685509098 0.4622412001334687 49
