1746685444337 0.28745 0
1746685445836 0.28603 1
1746685447315 0.28451 2
1746685448788 0.28632 3
1746685450257 0.11277 4
1746685451814 0.10081 5
1746685453360 0.19754 6
1746685454871 0.20831 7
1746685456401 0.24382 8
1746685457962 0.24339 9
1746685459499 0.2677 10
1746685460975 0.25845 11
1746685462429 0.31029 12
1746685463864 0.32506 13
1746685465318 0.34631 14
1746685466758 0.37224 15
1746685468173 0.38415 16
1746685469569 0.38415 17
1746685470950 0.41945 18
1746685472311 0.41945 19
1746685473717 0.43156 20
1746685475071 0.43156 21
1746685476427 0.43915 22
1746685477784 0.43915 23
1746685479151 0.46369 24
1746685480488 0.46369 25
1746685481796 0.47587 26
1746685483105 0.47587 27
1746685484411 0.48121 28
1746685485498 0.48121 29
1746685486576 0.50966 30
1746685487653 0.50966 31
1746685488927 0.51265 32
1746685489994 0.51265 33
1746685491044 0.51476 34
1746685492091 0.51476 35
1746685493149 0.51288 36
1746685494203 0.51288 37
1746685495245 0.5115 38
1746685496288 0.5115 39
1746685497919 0.51162 40
1746685498941 0.51162 41
1746685499999 0.5128 42
1746685501009 0.5128 43
1746685502012 0.51282 44
1746685502998 0.51282 45
1746685503979 0.51415 46
1746685504977 0.51415 47
1746685505951 0.51168 48
1746685507015 0.51168 49
1746685509098 0.5129756637168141 49
