1746685444337 0.51765 0
1746685445836 0.51667 1
1746685447315 0.51562 2
1746685448788 0.51832 3
1746685450257 0.14259 4
1746685451814 0.11691 5
1746685453360 0.24325 6
1746685454871 0.22329 7
1746685456401 0.24204 8
1746685457962 0.24186 9
1746685459499 0.28673 10
1746685460975 0.22796 11
1746685462429 0.23584 12
1746685463864 0.24881 13
1746685465318 0.29487 14
1746685466758 0.28878 15
1746685468173 0.27674 16
1746685469569 0.27674 17
1746685470950 0.28554 18
1746685472311 0.28554 19
1746685473717 0.24051 20
1746685475071 0.24051 21
1746685476427 0.20371 22
1746685477784 0.20371 23
1746685479151 0.20402 24
1746685480488 0.20402 25
1746685481796 0.18113 26
1746685483105 0.18113 27
1746685484411 0.16889 28
1746685485498 0.16889 29
1746685486576 0.15637 30
1746685487653 0.15637 31
1746685488927 0.14883 32
1746685489994 0.14883 33
1746685491044 0.14596 34
1746685492091 0.14596 35
1746685493149 0.14636 36
1746685494203 0.14636 37
1746685495245 0.29698 38
1746685496288 0.29698 39
1746685497919 0.5 40
1746685498941 0.5 41
1746685499999 0.5 42
1746685501009 0.5 43
1746685502012 0.5 44
1746685502998 0.5 45
1746685503979 0.5 46
1746685504977 0.5 47
1746685505951 0.5 48
1746685507015 0.5 49
1746685509098 0.5 49
