1746685444337 0.46429 0
1746685445836 0.46429 1
1746685447315 0.46429 2
1746685448788 0.53571 3
1746685450257 0.53571 4
1746685451814 0.53571 5
1746685453360 0.67857 6
1746685454871 0.67857 7
1746685456401 0.67857 8
1746685457962 0.67857 9
1746685459499 0.71429 10
1746685460975 0.71429 11
1746685462429 0.78571 12
1746685463864 0.78571 13
1746685465318 0.82143 14
1746685466758 0.89286 15
1746685468173 0.89286 16
1746685469569 0.89286 17
1746685470950 0.96429 18
1746685472311 0.96429 19
1746685473717 1.0 20
1746685475071 1.0 21
1746685476427 1.0 22
1746685477784 1.0 23
1746685479151 1.0 24
1746685480488 1.0 25
1746685481796 1.0 26
1746685483105 1.0 27
1746685484411 0.92857 28
1746685485498 0.92857 29
1746685486576 0.92857 30
1746685487653 0.92857 31
1746685488927 0.92857 32
1746685489994 0.92857 33
1746685491044 0.92857 34
1746685492091 0.92857 35
1746685493149 0.92857 36
1746685494203 0.92857 37
1746685495245 0.57143 38
1746685496288 0.57143 39
1746685497919 0.43358 40
1746685498941 0.43358 41
1746685499999 0.34194 42
1746685501009 0.34194 43
1746685502012 0.32918 44
1746685502998 0.32918 45
1746685503979 0.30767 46
1746685504977 0.30767 47
1746685505951 0.31731 48
1746685507015 0.31731 49
1746685509098 0.32921687510295106 49
