1746694843016 0.36751 0
1746694843777 0.35033 1
1746694844687 0.33305 2
1746694845412 0.27368 3
1746694846141 0.23034 4
1746694846871 0.16967 5
1746694847605 0.17016 6
1746694848314 0.17349 7
1746694849139 0.18804 8
1746694849940 0.2048 9
1746694851284 0.19351 10
1746694852136 0.1725 11
1746694852973 0.16897 12
1746694854007 0.15818 13
1746694854832 0.15136 14
1746694855657 0.16093 15
1746694856469 0.16333 16
1746694857291 0.16981 17
1746694858113 0.16696 18
1746694858963 0.1676 19
1746694860867 0.36080107790566435 19
