1746694843016 0.50295 0
1746694843777 0.47882 1
1746694844687 0.45749 2
1746694845412 0.36849 3
1746694846141 0.31203 4
1746694846871 0.2355 5
1746694847605 0.23124 6
1746694848314 0.23337 7
1746694849139 0.24776 8
1746694849940 0.26911 9
1746694851284 0.25116 10
1746694852136 0.22942 11
1746694852973 0.22111 12
1746694854007 0.20649 13
1746694854832 0.19859 14
1746694855657 0.20957 15
1746694856469 0.21255 16
1746694857291 0.2207 17
1746694858113 0.21605 18
1746694858963 0.21904 19
1746694860867 0.4911667697381983 19
