1746694843016 0.53571 0
1746694843777 0.51724 1
1746694844687 0.48387 2
1746694845412 0.39394 3
1746694846141 0.33333 4
1746694846871 0.26667 5
1746694847605 0.2766 6
1746694848314 0.27451 7
1746694849139 0.25 8
1746694849940 0.26027 9
1746694851284 0.22581 10
1746694852136 0.20561 11
1746694852973 0.18487 12
1746694854007 0.16923 13
1746694854832 0.15714 14
1746694855657 0.15068 15
1746694856469 0.14286 16
1746694857291 0.13836 17
1746694858113 0.1375 18
1746694858963 0.13497 19
1746694860867 0.5357142857142857 19
